  0.147  0.000  0.000  0.000  0.000  0.000  0.001  0.000  0.023  0.008  0.416  0.000  0.000  0.000  0.000
  0.005  0.011  0.001  0.000  0.001  0.001  0.001  0.056  0.269  0.091  4.786  0.000  0.000  0.000  0.000
  0.002  0.005  0.000  0.000  0.000  0.000  0.000  0.025  0.119  0.040  2.107  0.000  0.000  0.000  0.000
  0.036  0.175  0.187  0.001  1.050  0.000  0.000  0.012  0.824  0.279  14.635  0.000  0.000  0.000  0.000
  0.000  0.000  0.000  0.000  0.000  1.150  1.150  0.000  0.000  0.000  0.000  0.000  0.000  0.000  0.000
  0.000  0.000  0.000  0.000  0.000  0.000  0.000  0.000  0.000  0.000  0.000  0.000  0.000  0.000  0.000
  0.823  0.132  0.068  0.000  0.000  0.000  0.000  0.000  0.000  0.000  0.000  0.000  0.000  0.000  0.000
  0.000  0.000  0.000  0.000  0.000  0.000  0.000  0.000  0.000  0.000  0.000  0.000  0.000  0.000  0.000
  0.000  0.000  0.000  0.000  0.000  0.000  0.000  0.000  0.000  0.000  0.000  0.000  0.000  0.000  0.000
  0.000  0.000  0.006  0.000  0.000  0.000  0.000  0.000  0.011  0.004  0.202  0.000  0.000  0.000  0.000
  0.000  0.000  0.000  0.000  0.000  0.000  0.000  0.000  0.000  0.000  0.000  0.000  0.000  0.000  0.000
  0.000  0.000  0.000  0.000  0.000  0.000  0.000  0.000  0.000  0.000  0.000  0.000  0.000  0.000  0.000
  0.170  0.114  2.775  0.000  0.000  0.000  0.000  0.000  0.000  0.000  0.000  0.000  0.000  0.000  0.000
  0.156  0.018  0.039  0.000  0.000  0.000  0.000  0.000  0.000  0.000  0.000  0.000  0.000  0.000  0.000
  0.048  0.010  0.014  0.000  0.000  0.000  0.000  0.000  0.000  0.000  0.000  0.000  0.000  0.000  0.000
低压锅炉
燃煤发电
CCPP发电
工业水
过滤水
软水
纯水
鼓风
氧气
氮气
氩气
废水处理
高炉煤气
转炉煤气
焦炉煤气
